0 35 206001F_hotellocations ID
1 29      0.00330799162
1 25       0.0035106471
1 21       0.0329395277
1 18       0.0186131929
1 9       0.0192677049
1 2      0.00894596663
1 12                  0
1 6      0.00330799162
1 19      0.00330799162
1 16      0.00421414244
2 10       0.0369660303
2 32       0.0301760528
2 31        0.032621041
2 30       0.0325363719
2 28       0.0304808226
2 4       0.0370513943
2 29       0.0122464417
2 25       0.0102516925
2 21       0.0240119442
2 18      0.00967037548
2 9       0.0112944115
2 12      0.00894596663
2 1      0.00894596663
2 6       0.0122464417
2 19       0.0122464417
2 16       0.0131498585
3 27       0.0116818444
3 24      0.00430237643
3 22      0.00126656699
3 10      0.00746423763
3 11      0.00457293014
3 8      0.00430237643
3 20       0.0107890962
3 17       0.0120799708
3 5       0.0123822383
3 13       0.0140105489
3 35       0.0251540603
3 34       0.0315501542
3 33       0.0154584204
3 32       0.0139351383
3 31       0.0106619512
3 30       0.0117874557
3 28       0.0114795952
3 26       0.0165446844
3 23       0.0199416779
3 4       0.0111409917
3 14       0.0199416779
3 21       0.0185128029
3 18       0.0321396985
3 9       0.0311327635
4 27       0.0226984137
4 24       0.0115779708
4 22       0.0100515243
4 10       0.0040503715
4 11       0.0082092922
4 3       0.0111409917
4 8       0.0115779708
4 20       0.0199193967
4 17       0.0230895395
4 5       0.0234188954
4 13       0.0250361014
4 35         0.01533716
4 34       0.0302950322
4 33      0.00623282669
4 32       0.0177081297
4 31       0.0152746005
4 30       0.0168352334
4 28       0.0135719653
4 26        0.006500456
4 23       0.0305594891
4 14       0.0305594891
4 7       0.0360386167
4 21         0.01878541
4 18       0.0289128418
4 9       0.0258293291
4 2       0.0370513943
5 27     0.000741682041
5 24       0.0127001455
5 22       0.0133802752
5 10       0.0195196557
5 11       0.0165150847
5 3       0.0123822383
5 8       0.0127001455
5 20      0.00781366011
5 17     0.000424383509
5 13      0.00162927404
5 33       0.0277575393
5 32       0.0169689791
5 31       0.0149121784
5 30        0.014678039
5 28       0.0176688985
5 26       0.0289052542
5 23       0.0116519065
5 4       0.0234188954
5 14       0.0116519065
5 21       0.0231903368
6 29                  0
6 25       0.0040960482
6 21       0.0362466409
6 18       0.0219161662
6 9       0.0224715466
6 2       0.0122464417
6 12      0.00330799162
6 1      0.00330799162
6 19                  0
6 16      0.00109224032
7 35       0.0225589274
7 33       0.0316767731
7 26       0.0304073061
7 4       0.0360386167
8 27       0.0119585997
8 24                  0
8 22      0.00374233502
8 10      0.00753044236
8 11      0.00788149473
8 3      0.00430237643
8 20      0.00836949898
8 17       0.0123142467
8 5       0.0127001455
8 13       0.0142258069
8 35       0.0266847738
8 34       0.0355804061
8 33        0.017057942
8 32      0.00964996866
8 31      0.00637760299
8 30      0.00757902229
8 28      0.00730580266
8 26        0.017814149
8 23       0.0222339856
8 4       0.0115779708
8 14       0.0222339856
8 21       0.0143111911
8 18        0.028181024
8 9       0.0276135992
9 24       0.0276135992
9 22       0.0299721466
9 10       0.0260064955
9 11       0.0316597946
9 3       0.0311327635
9 8       0.0276135992
9 20        0.030840463
9 35        0.034037037
9 33       0.0301299191
9 32       0.0216980499
9 31       0.0234847233
9 30       0.0237868147
9 28       0.0208944098
9 26       0.0291005408
9 4       0.0258293291
9 29       0.0224715466
9 25       0.0213282641
9 21       0.0155641035
9 18       0.0062913185
9 2       0.0112944115
9 12       0.0192677049
9 1       0.0192677049
9 6       0.0224715466
9 19       0.0224715466
9 16        0.023156601
10 27       0.0187910699
10 24      0.00753044236
10 22      0.00627408632
10 11       0.0058063035
10 3      0.00746423763
10 8      0.00753044236
10 20       0.0158834336
10 17       0.0191771957
10 5       0.0195196557
10 13       0.0211253654
10 35       0.0192489243
10 34       0.0316545256
10 33      0.00978082827
10 32       0.0144291285
10 31       0.0117011436
10 30       0.0132482515
10 28        0.010477215
10 26       0.0103645185
10 23       0.0273009333
10 4       0.0040503715
10 14       0.0273009333
10 21       0.0165572449
10 18       0.0282436093
10 9       0.0260064955
10 2       0.0369660303
11 27       0.0158546836
11 24      0.00788149473
11 22      0.00429246729
11 10       0.0058063035
11 3      0.00457293014
11 8      0.00788149473
11 20       0.0153215593
11 17       0.0162556902
11 5       0.0165150847
11 13       0.0181368893
11 35       0.0208802687
11 34       0.0278247727
11 33       0.0112945336
11 32       0.0172089082
11 31        0.014011578
11 30       0.0153567293
11 28       0.0139832961
11 26       0.0125528791
11 23       0.0224341617
11 4       0.0082092922
11 14       0.0224341617
11 21       0.0208177221
11 18       0.0335198919
11 9       0.0316597946
12 29      0.00330799162
12 25       0.0035106471
12 21       0.0329395277
12 18       0.0186131929
12 9       0.0192677049
12 2      0.00894596663
12 1                  0
12 6      0.00330799162
12 19      0.00330799162
12 16      0.00421414244
13 27      0.00233772291
13 24       0.0142258069
13 22        0.015002695
13 10       0.0211253654
13 11       0.0181368893
13 3       0.0140105489
13 8       0.0142258069
13 20      0.00870556886
13 17      0.00194821252
13 5      0.00162927404
13 33       0.0293849058
13 32       0.0179291371
13 31       0.0160694885
13 30       0.0157150841
13 28       0.0189041175
13 26       0.0305344769
13 23       0.0111995575
13 4       0.0250361014
13 14       0.0111995575
13 21       0.0241673257
14 27       0.0121489517
14 24       0.0222339856
14 22       0.0211993757
14 10       0.0273009333
14 11       0.0224341617
14 3       0.0199416779
14 8       0.0222339856
14 20       0.0194163688
14 17       0.0120408173
14 5       0.0116519065
14 13       0.0111995575
14 34       0.0357371123
14 33       0.0331217665
14 32       0.0284176456
14 31       0.0260348164
14 30         0.02604082
14 28       0.0285107011
14 26       0.0345917522
14 23                  0
14 4       0.0305594891
14 21       0.0345683826
15 34       0.0372185724
16 29      0.00109224032
16 25      0.00515277113
16 21       0.0371174431
16 18       0.0228088583
16 9        0.023156601
16 2       0.0131498585
16 12      0.00421414244
16 1      0.00421414244
16 6      0.00109224032
16 19      0.00109224032
17 27     0.000401048878
17 24       0.0123142467
17 22       0.0130600684
17 10       0.0191771957
17 11       0.0162556902
17 3       0.0120799708
17 8       0.0123142467
17 20      0.00740598845
17 5     0.000424383509
17 13      0.00194821252
17 35       0.0371276624
17 33       0.0274800678
17 32       0.0165513386
17 31       0.0144878508
17 30       0.0142568159
17 28       0.0172453688
17 26       0.0286145234
17 23       0.0120408173
17 4       0.0230895395
17 14       0.0120408173
17 21       0.0227710016
17 18        0.037046589
18 27       0.0368723073
18 24        0.028181024
18 22         0.03110284
18 10       0.0282436093
18 11       0.0335198919
18 3       0.0321396985
18 8        0.028181024
18 20       0.0296718334
18 17        0.037046589
18 33       0.0339444423
18 32        0.020505726
18 31       0.0229862566
18 30       0.0228700149
18 28        0.020949358
18 26       0.0331274189
18 4       0.0289128418
18 29       0.0219161662
18 25       0.0196908547
18 21       0.0143534362
18 9       0.0062913185
18 2      0.00967037548
18 12       0.0186131929
18 1       0.0186131929
18 6       0.0219161662
18 19       0.0219161662
18 16       0.0228088583
19 29                  0
19 25       0.0040960482
19 21       0.0362466409
19 18       0.0219161662
19 9       0.0224715466
19 2       0.0122464417
19 12      0.00330799162
19 1      0.00330799162
19 6                  0
19 16      0.00109224032
20 27      0.00726973021
20 24      0.00836949898
20 22       0.0111128264
20 10       0.0158834336
20 11       0.0153215593
20 3       0.0107890962
20 8      0.00836949898
20 17      0.00740598845
20 5      0.00781366011
20 13      0.00870556886
20 35       0.0350483051
20 33       0.0253969826
20 32       0.0092240611
20 31      0.00762214329
20 30      0.00705828887
20 28         0.01061228
20 26        0.026182473
20 23       0.0194163688
20 4       0.0199193967
20 14       0.0194163688
20 21       0.0154625089
20 18       0.0296718334
20 9        0.030840463
21 27       0.0225794015
21 24       0.0143111911
21 22       0.0176400119
21 10       0.0165572449
21 11       0.0208177221
21 3       0.0185128029
21 8       0.0143111911
21 20       0.0154625089
21 17       0.0227710016
21 5       0.0231903368
21 13       0.0241673257
21 35         0.03261141
21 33       0.0248695143
21 32      0.00623847706
21 31      0.00866063078
21 30      0.00853357001
21 28      0.00703347992
21 26       0.0246680752
21 23       0.0345683826
21 4         0.01878541
21 14       0.0345683826
21 29       0.0362466409
21 25       0.0340084295
21 18       0.0143534362
21 9       0.0155641035
21 2       0.0240119442
21 12       0.0329395277
21 1       0.0329395277
21 6       0.0362466409
21 19       0.0362466409
21 16       0.0371174431
22 27        0.012665901
22 24      0.00374233502
22 10      0.00627408632
22 11      0.00429246729
22 3      0.00126656699
22 8      0.00374233502
22 20       0.0111128264
22 17       0.0130600684
22 5       0.0133802752
22 13        0.015002695
22 35       0.0243666513
22 34       0.0318436594
22 33        0.014653122
22 32       0.0133503403
22 31        0.010087629
22 30       0.0113207406
22 28       0.0106177793
22 26       0.0156624633
22 23       0.0211993757
22 4       0.0100515243
22 14       0.0211993757
22 21       0.0176400119
22 18         0.03110284
22 9       0.0299721466
23 27       0.0121489517
23 24       0.0222339856
23 22       0.0211993757
23 10       0.0273009333
23 11       0.0224341617
23 3       0.0199416779
23 8       0.0222339856
23 20       0.0194163688
23 17       0.0120408173
23 5       0.0116519065
23 13       0.0111995575
23 34       0.0357371123
23 33       0.0331217665
23 32       0.0284176456
23 31       0.0260348164
23 30         0.02604082
23 28       0.0285107011
23 26       0.0345917522
23 4       0.0305594891
23 14                  0
23 21       0.0345683826
24 27       0.0119585997
24 22      0.00374233502
24 10      0.00753044236
24 11      0.00788149473
24 3      0.00430237643
24 8                  0
24 20      0.00836949898
24 17       0.0123142467
24 5       0.0127001455
24 13       0.0142258069
24 35       0.0266847738
24 34       0.0355804061
24 33        0.017057942
24 32      0.00964996866
24 31      0.00637760299
24 30      0.00757902229
24 28      0.00730580266
24 26        0.017814149
24 23       0.0222339856
24 4       0.0115779708
24 14       0.0222339856
24 21       0.0143111911
24 18        0.028181024
24 9       0.0276135992
25 29       0.0040960482
25 21       0.0340084295
25 18       0.0196908547
25 9       0.0213282641
25 2       0.0102516925
25 12       0.0035106471
25 1       0.0035106471
25 6       0.0040960482
25 19       0.0040960482
25 16      0.00515277113
26 27       0.0282150356
26 24        0.017814149
26 22       0.0156624633
26 10       0.0103645185
26 11       0.0125528791
26 3       0.0165446844
26 8        0.017814149
26 20        0.026182473
26 17       0.0286145234
26 5       0.0289052542
26 13       0.0305344769
26 35      0.00888474807
26 34       0.0267649076
26 33      0.00164550582
26 32       0.0241402288
26 31        0.021772032
26 30       0.0233325393
26 28       0.0199743352
26 23       0.0345917522
26 4        0.006500456
26 14       0.0345917522
26 7       0.0304073061
26 21       0.0246680752
26 18       0.0331274189
26 9       0.0291005408
27 24       0.0119585997
27 22        0.012665901
27 10       0.0187910699
27 11       0.0158546836
27 3       0.0116818444
27 8       0.0119585997
27 20      0.00726973021
27 17     0.000401048878
27 5     0.000741682041
27 13      0.00233772291
27 35       0.0367266322
27 33       0.0270794333
27 32       0.0163696834
27 31       0.0142502823
27 30       0.0140556187
27 28        0.016981803
27 26       0.0282150356
27 23       0.0121489517
27 4       0.0226984137
27 14       0.0121489517
27 21       0.0225794015
27 18       0.0368723073
28 27        0.016981803
28 24      0.00730580266
28 22       0.0106177793
28 10        0.010477215
28 11       0.0139832961
28 3       0.0114795952
28 8      0.00730580266
28 20         0.01061228
28 17       0.0172453688
28 5       0.0176688985
28 13       0.0189041175
28 35       0.0285774008
28 33       0.0198005879
28 32      0.00418649631
28 31      0.00303806261
28 30       0.0041962204
28 26       0.0199743352
28 23       0.0285107011
28 4       0.0135719653
28 14       0.0285107011
28 21      0.00703347992
28 18        0.020949358
28 9       0.0208944098
28 2       0.0304808226
29 25       0.0040960482
29 21       0.0362466409
29 18       0.0219161662
29 9       0.0224715466
29 2       0.0122464417
29 12      0.00330799162
29 1      0.00330799162
29 6                  0
29 19                  0
29 16      0.00109224032
30 27       0.0140556187
30 24      0.00757902229
30 22       0.0113207406
30 10       0.0132482515
30 11       0.0153567293
30 3       0.0117874557
30 8      0.00757902229
30 20      0.00705828887
30 17       0.0142568159
30 5        0.014678039
30 13       0.0157150841
30 35       0.0321055379
30 33       0.0229590422
30 32      0.00245502015
30 31      0.00156063734
30 28       0.0041962204
30 26       0.0233325393
30 23         0.02604082
30 4       0.0168352334
30 14         0.02604082
30 21      0.00853357001
30 18       0.0228700149
30 9       0.0237868147
30 2       0.0325363719
31 27       0.0142502823
31 24      0.00637760299
31 22        0.010087629
31 10       0.0117011436
31 11        0.014011578
31 3       0.0106619512
31 8      0.00637760299
31 20      0.00762214329
31 17       0.0144878508
31 5       0.0149121784
31 13       0.0160694885
31 35       0.0305482375
31 33       0.0214011037
31 32      0.00327348813
31 30      0.00156063734
31 28      0.00303806261
31 26        0.021772032
31 23       0.0260348164
31 4       0.0152746005
31 14       0.0260348164
31 21      0.00866063078
31 18       0.0229862566
31 9       0.0234847233
31 2        0.032621041
32 27       0.0163696834
32 24      0.00964996866
32 22       0.0133503403
32 10       0.0144291285
32 11       0.0172089082
32 3       0.0139351383
32 8      0.00964996866
32 20       0.0092240611
32 17       0.0165513386
32 5       0.0169689791
32 13       0.0179291371
32 35       0.0327634172
32 33       0.0239238642
32 31      0.00327348813
32 30      0.00245502015
32 28      0.00418649631
32 26       0.0241402288
32 23       0.0284176456
32 4       0.0177081297
32 14       0.0284176456
32 21      0.00623847706
32 18        0.020505726
32 9       0.0216980499
32 2       0.0301760528
33 27       0.0270794333
33 24        0.017057942
33 22        0.014653122
33 10      0.00978082827
33 11       0.0112945336
33 3       0.0154584204
33 8        0.017057942
33 20       0.0253969826
33 17       0.0274800678
33 5       0.0277575393
33 13       0.0293849058
33 35      0.00971407384
33 34       0.0256032601
33 32       0.0239238642
33 31       0.0214011037
33 30       0.0229590422
33 28       0.0198005879
33 26      0.00164550582
33 23       0.0331217665
33 4      0.00623282669
33 14       0.0331217665
33 7       0.0316767731
33 21       0.0248695143
33 18       0.0339444423
33 9       0.0301299191
34 24       0.0355804061
34 22       0.0318436594
34 10       0.0316545256
34 11       0.0278247727
34 3       0.0315501542
34 8       0.0355804061
34 35       0.0254542275
34 33       0.0256032601
34 26       0.0267649076
34 23       0.0357371123
34 4       0.0302950322
34 14       0.0357371123
34 15       0.0372185724
35 27       0.0367266322
35 24       0.0266847738
35 22       0.0243666513
35 10       0.0192489243
35 11       0.0208802687
35 3       0.0251540603
35 8       0.0266847738
35 20       0.0350483051
35 17       0.0371276624
35 34       0.0254542275
35 33      0.00971407384
35 32       0.0327634172
35 31       0.0305482375
35 30       0.0321055379
35 28       0.0285774008
35 26      0.00888474807
35 4         0.01533716
35 7       0.0225589274
35 21         0.03261141
35 9        0.034037037
